([(-21104, -3376), (-20960, -3328)], 42594.886124480836)
([(10032, 26496), (10000, 26688)], 56831.57933960558)
([(10000, 26688), (10032, 26496)], 56831.57933960558)
([(26704, -10352), (26784, -10176)], 57292.252258250635)
([(26784, -10176), (26704, -10352)], 57292.252258250635)
([(176, 36720), (224, 36880)], 73601.10203809998)
([(224, 36880), (176, 36720)], 73601.10203809998)
([(-22272, -31872), (-22224, -31680)], 77580.64019277817)
([(-22224, -31680), (-22272, -31872)], 77580.64019277817)
([(-2944, -43136), (-2928, -42944)], 86280.04863458363)
([(-2928, -42944), (-2944, -43136)], 86280.04863458363)
([(-14480, 43168), (-14304, 43168)], 91007.97453727378)
([(-14304, 43168), (-14480, 43168)], 91007.97453727378)
([(44736, -13472), (44688, -13296)], 93344.5315832071)
([(44688, -13296), (44736, -13472)], 93344.5315832071)
([(18144, -47232), (18144, -47040)], 101015.01712752649)
([(18144, -47040), (18144, -47232)], 101015.01712752649)
([(40832, 32384), (41024, 32432)], 104410.36942689682)
([(41024, 32432), (40832, 32384)], 104410.36942689682)
([(37264, -39216), (37440, -39216)], 108315.66129450103)
([(37440, -39216), (37264, -39216)], 108315.66129450103)
([(-50832, -21280), (-50656, -21280)], 110050.77181373804)
([(-50656, -21280), (-50832, -21280)], 110050.77181373804)
([(-29984, -50320), (-29984, -50128)], 116987.05661100068)
([(-29984, -50128), (-29984, -50320)], 116987.05661100068)
([(-59008, 4304), (-58832, 4352)], 118157.50347873589)
([(-58832, 4352), (-59008, 4304)], 118157.50347873589)
([(-47984, 47456), (-47968, 47648)], 135098.40455896687)
([(-47968, 47648), (-47984, 47456)], 135098.40455896687)
([(28880, -63104), (28928, -62928)], 138657.28822692117)
([(28928, -62928), (28880, -63104)], 138657.28822692117)
([(63744, 33168), (63696, 33344)], 143752.6748008752)
([(63696, 33344), (63744, 33168)], 143752.6748008752)
([(784, -74416), (704, -74240)], 148663.467605953)
([(704, -74240), (784, -74416)], 148663.467605953)
([(-61632, 42256), (-61440, 42240)], 149285.96825144932)
([(-61440, 42240), (-61632, 42256)], 149285.96825144932)
([(40160, 65360), (40176, 65552)], 153596.32864010404)
([(40176, 65552), (40160, 65360)], 153596.32864010404)
([(-53920, -54992), (-53760, -55088)], 153989.03124840645)
([(-53760, -55088), (-53920, -54992)], 153989.03124840645)
([(76944, -9328), (76896, -9216)], 154953.65970460884)
([(76896, -9216), (76944, -9328)], 154953.65970460884)
([(56208, 60544), (56400, 60560)], 165368.54992759245)
([(56400, 60560), (56208, 60544)], 165368.54992759245)
([(-41232, -76416), (-41344, -76272)], 173587.00704472486)
([(-41344, -76272), (-41232, -76416)], 173587.00704472486)
([(60800, 64736), (60944, 64608)], 177627.44428118158)
([(60944, 64608), (60800, 64736)], 177627.44428118158)
([(-60000, -67440), (-59824, -67360)], 180357.525824589)
([(-59824, -67360), (-60000, -67440)], 180357.525824589)
([(-9536, -90768), (-9552, -90592)], 182361.73535816057)
([(-9552, -90592), (-9536, -90768)], 182361.73535816057)
([(-1344, -91792), (-1360, -91616)], 183427.9325121753)
([(-1360, -91616), (-1344, -91792)], 183427.9325121753)
([(-78528, -53936), (-78576, -53744)], 190464.3893990119)
([(-78576, -53744), (-78528, -53936)], 190464.3893990119)
([(79536, 54656), (79552, 54816)], 193114.28117234807)
([(79552, 54816), (79536, 54656)], 193114.28117234807)
([(63024, 73056), (63040, 73248)], 193124.32609152247)
([(63040, 73248), (63024, 73056)], 193124.32609152247)
([(-37056, -89424), (-36864, -89424)], 193522.1046533184)
([(-36864, -89424), (-37056, -89424)], 193522.1046533184)
([(25952, 93376), (26128, 93328)], 193831.73964779143)
([(26128, 93328), (25952, 93376)], 193831.73964779143)
([(93920, 25952), (93968, 26128)], 194972.4378599861)
([(93968, 26128), (93920, 25952)], 194972.4378599861)
([(81680, -59024), (81744, -58864)], 201506.85416894688)
([(81744, -58864), (81680, -59024)], 201506.85416894688)
([(-81568, 61264), (-81584, 61456)], 204153.8493111836)
([(-81584, 61456), (-81568, 61264)], 204153.8493111836)
([(-70288, 79488), (-70144, 79552)], 212167.12944063195)
([(-70144, 79552), (-70288, 79488)], 212167.12944063195)
([(14720, -106800), (14912, -106848)], 215693.20117137424)
([(14912, -106848), (14720, -106800)], 215693.20117137424)
([(-41200, 99680), (-41184, 99840)], 215859.58308538306)
([(-41184, 99840), (-41200, 99680)], 215859.58308538306)
([(-10352, -108672), (-10208, -108784)], 218425.84375970205)
([(-10208, -108784), (-10352, -108672)], 218425.84375970205)
([(10640, -110800), (10800, -110832)], 222666.65986345615)
([(10800, -110832), (10640, -110800)], 222666.65986345615)
([(-112304, 6528), (-112336, 6720)], 225030.38710720267)
([(-112336, 6720), (-112304, 6528)], 225030.38710720267)
([(102240, 56016), (102432, 56000)], 233320.00154593954)
([(102432, 56000), (102240, 56016)], 233320.00154593954)
([(21344, -119584), (21536, -119616)], 243013.1025560263)
([(21536, -119616), (21344, -119584)], 243013.1025560263)
([(-54608, 111488), (-54688, 111648)], 248465.87313782258)
([(-54688, 111648), (-54608, 111488)], 248465.87313782258)
([(-86656, 91280), (-86480, 91216)], 251556.8951680152)
([(-86480, 91216), (-86656, 91280)], 251556.8951680152)
([(-121296, -37504), (-121248, -37344)], 253830.32578184683)
([(-121248, -37344), (-121296, -37504)], 253830.32578184683)
([(-90256, -89440), (-90096, -89328)], 253938.65956784098)
([(-90096, -89328), (-90256, -89440)], 253938.65956784098)
([(-7856, 127648), (-7664, 127696)], 255815.29780093872)
([(-7664, 127696), (-7856, 127648)], 255815.29780093872)
([(127136, 18304), (127184, 18480)], 256966.44343333214)
([(127184, 18480), (127136, 18304)], 256966.44343333214)
([(70912, -111264), (70880, -111072)], 263701.10726973007)
([(70880, -111072), (70912, -111264)], 263701.10726973007)
([(-48992, 122752), (-49024, 122928)], 264510.4911264662)
([(-49024, 122928), (-48992, 122752)], 264510.4911264662)
([(-5424, 132432), (-5456, 132608)], 265263.2213722337)
([(-5456, 132608), (-5424, 132432)], 265263.2213722337)
([(109936, 76960), (110112, 76992)], 268556.03918760084)
([(110112, 76992), (109936, 76960)], 268556.03918760084)
([(-121664, -57536), (-121680, -57344)], 269098.0291642464)
([(-121680, -57344), (-121664, -57536)], 269098.0291642464)
([(-107136, -83328), (-106992, -83312)], 271329.49661160284)
([(-106992, -83312), (-107136, -83328)], 271329.49661160284)
([(134176, -21648), (134240, -21472)], 271857.5312249866)
([(134240, -21472), (134176, -21648)], 271857.5312249866)
([(46496, 131808), (46640, 131824)], 279600.0052508664)
([(46640, 131824), (46496, 131808)], 279600.0052508664)
([(-116384, -79184), (-116192, -79184)], 281375.2492276578)
([(-116192, -79184), (-116384, -79184)], 281375.2492276578)
([(-124032, -67456), (-123872, -67440)], 282229.2116849767)
([(-123872, -67440), (-124032, -67456)], 282229.2116849767)
([(-142448, -28400), (-142272, -28448)], 290339.7667412647)
([(-142272, -28448), (-142448, -28400)], 290339.7667412647)
([(-25760, -143168), (-25568, -143216)], 290947.4145427421)
([(-25568, -143216), (-25760, -143168)], 290947.4145427421)
([(71024, 129152), (71216, 129152)], 294878.28387744527)
([(71216, 129152), (71024, 129152)], 294878.28387744527)
([(-144160, -31344), (-144176, -31168)], 295034.62475291954)
([(-144176, -31168), (-144160, -31344)], 295034.62475291954)
([(-136000, 58272), (-135920, 58448)], 295912.2879490734)
([(-135920, 58448), (-136000, 58272)], 295912.2879490734)
([(148336, -12512), (148496, -12560)], 297888.97695085884)
([(148496, -12560), (148336, -12512)], 297888.97695085884)
([(101488, 109936), (101536, 110096)], 299387.42619177554)
([(101536, 110096), (101488, 109936)], 299387.42619177554)
([(-61184, -138400), (-61216, -138240)], 302508.6088633172)
([(-61216, -138240), (-61184, -138400)], 302508.6088633172)
([(12128, 151296), (12288, 151200)], 303479.81651086966)
([(12288, 151200), (12128, 151296)], 303479.81651086966)
([(-153472, -6784), (-153504, -6608)], 307268.02900654834)
([(-153504, -6608), (-153472, -6784)], 307268.02900654834)
([(-20096, 153424), (-19920, 153360)], 309382.8220005015)
([(-19920, 153360), (-20096, 153424)], 309382.8220005015)
([(150880, -34592), (151072, -34608)], 309780.00427556405)
([(151072, -34608), (150880, -34592)], 309780.00427556405)
([(-111280, 108880), (-111280, 109072)], 311506.09419653285)
([(-111280, 109072), (-111280, 108880)], 311506.09419653285)
([(3648, -156352), (3664, -156160)], 312597.5302328948)
([(3664, -156160), (3648, -156352)], 312597.5302328948)
([(140960, -69296), (141040, -69120)], 314138.5465031683)
([(141040, -69120), (140960, -69296)], 314138.5465031683)
([(154976, 27824), (155168, 27808)], 315093.9901440223)
([(155168, 27808), (154976, 27824)], 315093.9901440223)
([(-154224, 38528), (-154080, 38560)], 317795.4066890182)
([(-154080, 38560), (-154224, 38528)], 317795.4066890182)
([(89488, -131408), (89680, -131424)], 318090.953719508)
([(89680, -131424), (89488, -131408)], 318090.953719508)
([(159824, -3200), (159824, -3008)], 319708.3358595777)
([(159824, -3008), (159824, -3200)], 319708.3358595777)
([(-140512, -76912), (-140496, -76752)], 320278.2205688253)
([(-140496, -76752), (-140512, -76912)], 320278.2205688253)
([(-105744, 127904), (-105840, 128048)], 332083.14572603774)
([(-105840, 128048), (-105744, 127904)], 332083.14572603774)
([(162064, 37776), (161984, 37904)], 332768.0710453291)
([(161984, 37904), (162064, 37776)], 332768.0710453291)
([(48816, 159136), (48816, 159296)], 333062.9794014066)
([(48816, 159296), (48816, 159136)], 333062.9794014066)
([(-76576, 148848), (-76592, 149008)], 334930.7934992723)
([(-76592, 149008), (-76576, 148848)], 334930.7934992723)
([(171696, -7808), (171648, -7616)], 343690.3229362827)
([(171648, -7616), (171696, -7808)], 343690.3229362827)
([(-153456, 78720), (-153520, 78864)], 345060.85174791864)
([(-153520, 78864), (-153456, 78720)], 345060.85174791864)
([(-35936, -170192), (-35792, -170240)], 347906.41751682817)
([(-35792, -170240), (-35936, -170192)], 347906.41751682817)
([(-142144, 103312), (-142192, 103504)], 351596.12468020036)
([(-142192, 103504), (-142144, 103312)], 351596.12468020036)
([(-124064, -125024), (-124080, -124848)], 352152.63657304074)
([(-124080, -124848), (-124064, -125024)], 352152.63657304074)
([(79728, 158928), (79904, 158864)], 355632.06447717606)
([(79904, 158864), (79728, 158928)], 355632.06447717606)
([(153968, 93408), (154128, 93312)], 360260.3653604841)
([(154128, 93312), (153968, 93408)], 360260.3653604841)
([(5472, 180960), (5632, 181008)], 362138.31190216035)
([(5632, 181008), (5472, 180960)], 362138.31190216035)
([(-76928, -164160), (-76768, -164112)], 362470.66352047643)
([(-76768, -164112), (-76928, -164160)], 362470.66352047643)
([(-182928, -3936), (-182768, -3936)], 365780.7168398258)
([(-182768, -3936), (-182928, -3936)], 365780.7168398258)
([(145280, 113328), (145456, 113408)], 368695.8603382093)
([(145456, 113408), (145280, 113328)], 368695.8603382093)
([(-172944, 65408), (-172944, 65536)], 369844.36457816104)
([(-172944, 65536), (-172944, 65408)], 369844.36457816104)
([(146800, 112944), (146960, 112832)], 370499.3582787375)
([(146960, 112832), (146800, 112944)], 370499.3582787375)
([(-125056, 136832), (-124864, 136832)], 370610.3228410082)
([(-124864, 136832), (-125056, 136832)], 370610.3228410082)
([(-170144, -74592), (-169968, -74624)], 371404.89657886093)
([(-169968, -74624), (-170144, -74592)], 371404.89657886093)
([(130752, 135568), (130704, 135744)], 376788.3568158413)
([(130704, 135744), (130752, 135568)], 376788.3568158413)
([(185664, -32656), (185856, -32672)], 377219.9070701337)
([(185856, -32672), (185664, -32656)], 377219.9070701337)
([(-35680, -186528), (-35648, -186336)], 379625.13892203616)
([(-35648, -186336), (-35680, -186528)], 379625.13892203616)
([(-165488, -94464), (-165328, -94528)], 380995.0395063357)
([(-165328, -94528), (-165488, -94464)], 380995.0395063357)
([(-107632, 157296), (-107504, 157344)], 381158.55719072314)
([(-107504, 157344), (-107632, 157296)], 381158.55719072314)
([(-95552, 165200), (-95568, 165392)], 381861.14181464264)
([(-95568, 165392), (-95552, 165200)], 381861.14181464264)
([(-60048, 184624), (-59904, 184720)], 388334.2637462924)
([(-59904, 184720), (-60048, 184624)], 388334.2637462924)
([(136864, 139648), (136880, 139824)], 391203.7689012778)
([(136880, 139824), (136864, 139648)], 391203.7689012778)
([(171392, 98976), (171536, 99072)], 396008.36305761745)
([(171536, 99072), (171392, 98976)], 396008.36305761745)
([(4496, -197968), (4688, -197952)], 396026.5511840788)
([(4688, -197952), (4496, -197968)], 396026.5511840788)
([(47984, 192848), (48176, 192832)], 397486.91068224283)
([(48176, 192832), (47984, 192848)], 397486.91068224283)
([(199840, 17248), (199808, 17408)], 401147.8387551431)
([(199808, 17408), (199840, 17248)], 401147.8387551431)
([(-146272, 137568), (-146352, 137744)], 401777.9338174012)
([(-146352, 137744), (-146272, 137568)], 401777.9338174012)
([(51008, -195200), (50944, -195056)], 403353.38909136225)
([(50944, -195056), (51008, -195200)], 403353.38909136225)
([(-199808, 34432), (-199616, 34464)], 405322.33433381224)
([(-199616, 34464), (-199808, 34432)], 405322.33433381224)
([(161936, 123232), (161968, 123408)], 407118.0484453554)
([(161968, 123408), (161936, 123232)], 407118.0484453554)
([(125296, -162576), (125440, -162592)], 410612.68951547594)
([(125440, -162592), (125296, -162576)], 410612.68951547594)
([(-152320, -140928), (-152416, -140768)], 414989.9992474087)
([(-152416, -140768), (-152320, -140928)], 414989.9992474087)
([(143968, -150144), (144016, -149984)], 415946.65737882454)
([(144016, -149984), (143968, -150144)], 415946.65737882454)
([(-84112, 191232), (-83968, 191168)], 417708.8192173058)
([(-83968, 191168), (-84112, 191232)], 417708.8192173058)
([(179040, -110272), (179232, -110240)], 420695.12058501877)
([(179232, -110240), (179040, -110272)], 420695.12058501877)
([(190304, -93536), (190496, -93552)], 424276.51913177304)
([(190496, -93552), (190304, -93536)], 424276.51913177304)
([(172416, 127232), (172592, 127280)], 428727.0490007058)
([(172592, 127280), (172416, 127232)], 428727.0490007058)
([(-182432, 117856), (-182240, 117824)], 434201.26204958453)
([(-182240, 117824), (-182432, 117856)], 434201.26204958453)
([(122224, 179872), (122416, 179856)], 435032.1732104521)
([(122416, 179856), (122224, 179872)], 435032.1732104521)
([(-104640, -193904), (-104448, -193904)], 440582.41586512316)
([(-104448, -193904), (-104640, -193904)], 440582.41586512316)
([(-116064, 187776), (-116032, 187968)], 441647.0572393086)
([(-116032, 187968), (-116064, 187776)], 441647.0572393086)
([(-167376, -148608), (-167280, -148480)], 447499.6302829324)
([(-167280, -148480), (-167376, -148608)], 447499.6302829324)
([(-162592, -157792), (-162528, -157632)], 452984.8994327808)
([(-162528, -157632), (-162592, -157792)], 452984.8994327808)
([(-164000, -159552), (-163808, -159600)], 457510.77834559244)
([(-163808, -159600), (-164000, -159552)], 457510.77834559244)
([(193936, -121600), (194112, -121616)], 457968.64450085314)
([(194112, -121616), (193936, -121600)], 457968.64450085314)
([(-198976, -115840), (-199024, -115648)], 460424.51094898814)
([(-199024, -115648), (-198976, -115840)], 460424.51094898814)
([(134336, -188528), (134336, -188368)], 462855.5358053863)
([(134336, -188368), (134336, -188528)], 462855.5358053863)
([(170384, -165248), (170560, -165264)], 474848.4027604995)
([(170560, -165264), (170384, -165248)], 474848.4027604995)
([(-180192, -170624), (-180128, -170464)], 496156.7608695503)
([(-180128, -170464), (-180192, -170624)], 496156.7608695503)
([(-194928, -181376), (-194896, -181184)], 532365.0239160531)
([(-194896, -181184), (-194928, -181376)], 532365.0239160531)
([(-195200, 194240), (-195024, 194288)], 550662.1486769158)
([(-195024, 194288), (-195200, 194240)], 550662.1486769158)
